#########5 

moy1<-c(95.73,95.47,96.65,97.46,96.87,96.25)
ec<-c(1.15,1.25,1.59,0.82,1.59,1.46)
moy2<-c(96.52,96.08,97.23,96.54,96.63,96.46)
ec1<-c(1.33,1.1,1.48,0.8,1.42,0.77)
